% Model:              07 -09-24 characteristic_parameters_coax_cable.mph
% Version:            COMSOL 6.1.0.282
% Date:               Jul 9 2024, 18:19
% Dimension:          1
% Nodes:              61
% Expressions:        3
% Description:        Global
% freq (Hz)               Analytic (DC), Analytic (HF), COMSOL (mf/ec)
1                         2.594477850099309E-5     2.9386058753671574E-6    2.5947846718225238E-5
1.2589254117941673        2.594477850099309E-5     3.297170022082126E-6     2.594956001843609E-5
1.5848931924611136        2.594477850099309E-5     3.699485611747358E-6     2.595227458502351E-5
1.9952623149688797        2.594477850099309E-5     4.150891127805124E-6     2.595657479652026E-5
2.51188643150958          2.594477850099309E-5     4.6573764471956395E-6    2.5963384936715683E-5
3.1622776601683795        2.594477850099309E-5     5.225662322384822E-6     2.5974165152202266E-5
3.981071705534973         2.594477850099309E-5     5.863289561666226E-6     2.59912177510785E-5
5.011872336272724         2.594477850099309E-5     6.578719091105576E-6     2.601816202917609E-5
6.309573444801933         2.594477850099309E-5     7.381444225889096E-6     2.6060660560005323E-5
7.943282347242816         2.594477850099309E-5     8.282116640848238E-6     2.6127506001299487E-5
10                        2.594477850099309E-5     9.292687711713106E-6     2.623218855408849E-5
12.589254117941675        2.594477850099309E-5     1.0426567102607194E-5    2.6395015370478592E-5
15.848931924611142        2.594477850099309E-5     1.1698800704143023E-5    2.664564364902485E-5
19.952623149688797        2.594477850099309E-5     1.3126270283249272E-5    2.7025340419038027E-5
25.11886431509581         2.594477850099309E-5     1.472791749396115E-5     2.7587210956545413E-5
31.622776601683793        2.594477850099309E-5     1.6524995221661128E-5    2.8391265619994207E-5
39.810717055349734        2.594477850099309E-5     1.854134959595556E-5     2.9491123561930865E-5
50.11872336272725         2.594477850099309E-5     2.0803736414326387E-5    3.091390311813125E-5
63.09573444801933         2.594477850099309E-5     2.3342176175307965E-5    3.264592171159374E-5
79.43282347242817         2.594477850099309E-5     2.6190352432263157E-5    3.464391500479913E-5
100                       2.594477850099309E-5     2.9386058753671578E-5    3.687562269385121E-5
125.89254117941675        2.594477850099309E-5     3.297170022082127E-5     3.936142430868386E-5
158.48931924611142        2.594477850099309E-5     3.699485611747359E-5     4.2182580397860866E-5
199.52623149688807        2.594477850099309E-5     4.150891127805126E-5     4.5456632010042784E-5
251.18864315095823        2.594477850099309E-5     4.657376447195642E-5     4.9313836833163115E-5
316.22776601683796        2.594477850099309E-5     5.2256623223848216E-5    5.389965905047987E-5
398.1071705534973         2.594477850099309E-5     5.8632895616662265E-5    5.9389553317831606E-5
501.18723362727246        2.594477850099309E-5     6.578719091105578E-5     6.598332483655358E-5
630.9573444801937         2.594477850099309E-5     7.381444225889098E-5     7.386610358597809E-5
794.3282347242822         2.594477850099309E-5     8.28211664084824E-5      8.314938632086641E-5
1000                      2.594477850099309E-5     9.292687711713107E-5     9.382739809159472E-5
1258.9254117941675        2.594477850099309E-5     1.0426567102607193E-4    1.0580155057486906E-4
1584.893192461114         2.594477850099309E-5     1.1698800704143021E-4    1.1899082713486545E-4
1995.262314968881         2.594477850099309E-5     1.3126270283249277E-4    1.3345749215999054E-4
2511.886431509582         2.594477850099309E-5     1.4727917493961151E-4    1.4944587358052845E-4
3162.2776601683795        2.594477850099309E-5     1.652499522166113E-4     1.6731004176624253E-4
3981.0717055349733        2.594477850099309E-5     1.8541349595955554E-4    1.8740184295155303E-4
5011.872336272725         2.594477850099309E-5     2.0803736414326388E-4    2.1001335901060908E-4
6309.573444801937         2.594477850099309E-5     2.334217617530797E-4     2.3540815283360834E-4
7943.282347242822         2.594477850099309E-5     2.619035243226317E-4     2.638885453532488E-4
10000                     2.594477850099309E-5     2.9386058753671585E-4    2.958291423274697E-4
12589.254117941688        2.594477850099309E-5     3.297170022082129E-4     3.3166973363971206E-4
15848.93192461114         2.594477850099309E-5     3.699485611747359E-4     3.7189848925954375E-4
19952.62314968879         2.594477850099309E-5     4.150891127805123E-4     4.170447461348965E-4
25118.864315095823        2.594477850099309E-5     4.6573764471956417E-4    4.676937091394274E-4
31622.776601683792        2.594477850099309E-5     5.225662322384822E-4     5.245162617722147E-4
39810.71705534977         2.594477850099309E-5     5.86328956166623E-4      5.882808172778878E-4
50118.72336272725         2.594477850099309E-5     6.578719091105579E-4     6.598398720083526E-4
63095.73444801943         2.594477850099309E-5     7.381444225889101E-4     7.401281646390526E-4
79432.82347242821         2.594477850099309E-5     8.282116640848237E-4     8.301961582371582E-4
100000                    2.594477850099309E-5     9.292687711713107E-4     9.31247884992262E-4
125892.54117941688        2.594477850099309E-5     0.0010426567102607195    0.0010446410483996608
158489.3192461114         2.594477850099309E-5     0.0011698800704143023    0.0011718747612340238
199526.2314968883         2.594477850099309E-5     0.0013126270283249284    0.001314623403411617
251188.6431509582         2.594477850099309E-5     0.0014727917493961155    0.001474790626922648
316227.7660168379         2.594477850099309E-5     0.0016524995221661133    0.0016545211435839995
398107.17055349774        2.594477850099309E-5     0.0018541349595955568    0.0018562030808300877
501187.2336272725         2.594477850099309E-5     0.002080373641432639     0.002082514410463778
630957.3444801943         2.594477850099309E-5     0.0023342176175307986    0.00233648035370508
794328.2347242822         2.594477850099309E-5     0.002619035243226317     0.0026215134704181704
1000000                   2.594477850099309E-5     0.0029386058753671576    0.002941468012097925
