% Model:              07 -09-24 characteristic_parameters_coax_cable.mph
% Version:            COMSOL 6.1.0.282
% Date:               Jul 9 2024, 19:25
% Dimension:          1
% Nodes:              61
% Expressions:        3
% Description:        Global
% freq (Hz)               Analytic (DC), Analytic (HF), COMSOL (mf/ec) Analytic (DC), Analytic (HF), COMSOL (mf/ec) Analytic (DC), Analytic (HF), COMSOL (mf/ec)
1                         0.17463751358705845      0.584745294590882        0.17463104617340092
1.2589254117941673        0.17463751358705845      0.5338840488186654       0.17462730477841046
1.5848931924611136        0.17463751358705845      0.4885539158095262       0.17462137705201383
1.9952623149688797        0.17463751358705845      0.4481533922394034       0.1746119872216904
2.51188643150958          0.17463751358705845      0.4121463877064371       0.17459711784651052
3.1622776601683795        0.17463751358705845      0.3800551111370448       0.1745735828278994
3.981071705534973         0.17463751358705845      0.3514537307886644       0.17453636088016727
5.011872336272724         0.17463751358705845      0.3259627237212503       0.1744775645210286
6.309573444801933         0.17463751358705845      0.3032438397584436       0.17438486872382244
7.943282347242816         0.17463751358705845      0.2829956131132403       0.17423917395631108
10                        0.17463751358705845      0.2649493621201583       0.17401127229166852
12.589254117941675        0.17463751358705845      0.2488656239927768       0.17365743391981664
15.848931924611142        0.17463751358705845      0.23453097729805064      0.17311438119238703
19.952623149688797        0.17463751358705845      0.2217552099835601       0.17229550114904724
25.11886431509581         0.17463751358705845      0.21036879537914197      0.17109280531699186
31.622776601683793        0.17463751358705845      0.2002206426809746       0.16939253157077513
39.810717055349734        0.17463751358705845      0.19117609206840835      0.16711249571551032
50.11872336272725         0.17463751358705845      0.18311512784996056      0.1642577425678197
63.09573444801933         0.17463751358705845      0.17593078592800643      0.16096383842468148
79.43282347242817         0.17463751358705845      0.1695277344501912       0.15747866150105985
100                       0.17463751358705845      0.1638210088136697       0.15406927540932527
125.89254117941675        0.17463751358705845      0.15873488423644802      0.15091604224168112
158.48931924611142        0.17463751358705845      0.1542018709355341       0.14807459418673274
199.52623149688807        0.17463751358705845      0.15016181857852184      0.14551572637249302
251.18864315095823        0.17463751358705845      0.1465611181252252       0.1431863995663994
316.22776601683796        0.17463751358705845      0.143351990468286        0.14104108128526055
398.1071705534973         0.17463751358705845      0.14049185243344794      0.13904129978923546
501.18723362727246        0.17463751358705845      0.13794275172670656      0.13714976354136074
630.9573444801937         0.17463751358705845      0.13567086333042586      0.13533443928035577
794.3282347242822         0.17463751358705845      0.13364604066590552      0.13357904473851073
1000                      0.17463751358705845      0.13184141556659734      0.13189117480067925
1258.9254117941675        0.17463751358705845      0.13023304175385922      0.1302998915847098
1584.893192461114         0.17463751358705845      0.12879957708438658      0.12884010910215987
1995.262314968881         0.17463751358705845      0.12752200035293754      0.1275334297603062
2511.886431509582         0.17463751358705845      0.1263833588924957       0.12637961309546575
3162.2776601683795        0.17463751358705845      0.12536854362267896      0.12536219333287713
3981.0717055349733        0.17463751358705845      0.12446408856142235      0.12446012390120188
5011.872336272725         0.17463751358705845      0.12365799213957757      0.1236561297688166
6309.573444801937         0.17463751358705845      0.12293955794738215      0.122938392754331
7943.282347242822         0.17463751358705845      0.12229925279960063      0.12229819929125832
10000                     0.17463751358705845      0.1217285802359485       0.12172772210368495
12589.254117941688        0.17463751358705845      0.12121996777822633      0.12121944911321568
15848.93192461114         0.17463751358705845      0.12076666644813493      0.12076643124665808
19952.62314968879         0.17463751358705845      0.1203626612124337       0.12036254272225785
25118.864315095823        0.17463751358705845      0.12000259116710403      0.12000250009477066
31622.776601683792        0.17463751358705845      0.1196816784014101       0.1196816364959545
39810.71705534977         0.17463751358705845      0.11939566459792629      0.11939569028876836
50118.72336272725         0.17463751358705845      0.11914075452725216      0.11914080116312747
63095.73444801943         0.17463751358705845      0.1189135656876241       0.11891357982102689
79432.82347242821         0.17463751358705845      0.11871108342117206      0.11871106590799319
100000                    0.17463751358705845      0.11853062091124125      0.11853060240269465
125892.54117941688        0.17463751358705845      0.11836978352996744      0.11836977174589089
158489.3192461114         0.17463751358705845      0.11822643706302016      0.11822642022905097
199526.2314968883         0.17463751358705845      0.11809867938987527      0.11809865857344863
251188.6431509582         0.17463751358705845      0.11798481524383109      0.11798480246683737
316227.7660168379         0.17463751358705845      0.1178833337168494       0.11788333284754243
398107.17055349774        0.17463751358705845      0.11779288821072376      0.11779289678110796
501187.2336272725         0.17463751358705845      0.11771227856853926      0.117712298160421
630957.3444801943         0.17463751358705845      0.11764043514931972      0.11764047177347409
794328.2347242822         0.17463751358705845      0.11757640463454158      0.11757646624176311
1000000                   0.17463751358705845      0.11751933737817637      0.11751943471104857
