1.0E6
2.0E6
3.0E6
4.0E6
5.0E6
6.0E6
7.0E6
8.0E6
9.0E6
1.0E7
1.1E7
1.2E7
1.3E7
1.4E7
1.5E7
1.6E7
1.7E7
1.8E7
1.9E7
2.0E7
2.1E7
2.2E7
2.3E7
2.4E7
2.5E7
2.6E7
2.7E7
2.8E7
2.9E7
3.0E7
3.1E7
3.2E7
3.3E7
3.4E7
3.5E7
3.6E7
3.7E7
3.8E7
3.9E7
4.0E7
4.1E7
4.2E7
4.3E7
4.4E7
4.5E7
4.6E7
4.7E7
4.8E7
4.9E7
5.0E7
5.1E7
5.2E7
5.3E7
5.4E7
5.5E7
5.6E7
5.7E7
5.8E7
5.9E7
6.0E7
6.1E7
6.2E7
6.3E7
6.4E7
6.5E7
6.6E7
6.7E7
6.8E7
6.9E7
7.0E7
7.1E7
7.2E7
7.3E7
7.4E7
7.5E7
7.6E7
7.7E7
7.8E7
7.9E7
8.0E7
8.1E7
8.2E7
8.3E7
8.4E7
8.5E7
8.6E7
8.7E7
8.8E7
8.9E7
9.0E7
9.1E7
9.2E7
9.3E7
9.4E7
9.5E7
9.6E7
9.7E7
9.8E7
9.9E7
1.0E8
1.01E8
1.02E8
1.03E8
1.04E8
1.05E8
1.06E8
1.07E8
1.08E8
1.09E8
1.1E8
1.11E8
1.12E8
1.13E8
1.14E8
1.15E8
1.16E8
1.17E8
1.18E8
1.19E8
1.2E8
1.21E8
1.22E8
1.23E8
1.24E8
1.25E8
1.26E8
1.27E8
1.28E8
1.29E8
1.3E8
1.31E8
1.32E8
1.33E8
1.34E8
1.35E8
1.36E8
1.37E8
1.38E8
1.39E8
1.4E8
1.41E8
1.42E8
1.43E8
1.44E8
1.45E8
1.46E8
1.47E8
1.48E8
1.49E8
1.5E8
1.51E8
1.52E8
1.53E8
1.54E8
1.55E8
1.56E8
1.57E8
1.58E8
1.59E8
1.6E8
1.61E8
1.62E8
1.63E8
1.64E8
1.65E8
1.66E8
1.67E8
1.68E8
1.69E8
1.7E8
1.71E8
1.72E8
1.73E8
1.74E8
1.75E8
1.76E8
1.77E8
1.78E8
1.79E8
1.8E8
1.81E8
1.82E8
1.83E8
1.84E8
1.85E8
1.86E8
1.87E8
1.88E8
1.89E8
1.9E8
1.91E8
1.92E8
1.93E8
1.94E8
1.95E8
1.96E8
1.97E8
1.98E8
1.99E8
2.0E8
2.01E8
2.02E8
2.03E8
2.04E8
2.05E8
2.06E8
2.07E8
2.08E8
2.09E8
2.1E8
2.11E8
2.12E8
2.13E8
2.14E8
2.15E8
2.16E8
2.17E8
2.18E8
2.19E8
2.2E8
2.21E8
2.22E8
2.23E8
2.24E8
2.25E8
2.26E8
2.27E8
2.28E8
2.29E8
2.3E8
2.31E8
2.32E8
2.33E8
2.34E8
2.35E8
2.36E8
2.37E8
2.38E8
2.39E8
2.4E8
2.41E8
2.42E8
2.43E8
2.44E8
2.45E8
2.46E8
2.47E8
2.48E8
2.49E8
2.5E8
2.51E8
2.52E8
2.53E8
2.54E8
2.55E8
2.56E8
2.57E8
2.58E8
2.59E8
2.6E8
2.61E8
2.62E8
2.63E8
2.64E8
2.65E8
2.66E8
2.67E8
2.68E8
2.69E8
2.7E8
2.71E8
2.72E8
2.73E8
2.74E8
2.75E8
2.76E8
2.77E8
2.78E8
2.79E8
2.8E8
2.81E8
2.82E8
2.83E8
2.84E8
2.85E8
2.86E8
2.87E8
2.88E8
2.89E8
2.9E8
2.91E8
2.92E8
2.93E8
2.94E8
2.95E8
2.96E8
2.97E8
2.98E8
2.99E8
3.0E8
3.01E8
3.02E8
3.03E8
3.04E8
3.05E8
3.06E8
3.07E8
3.08E8
3.09E8
3.1E8
3.11E8
3.12E8
3.13E8
3.14E8
3.15E8
3.16E8
3.17E8
3.18E8
3.19E8
3.2E8
3.21E8
3.22E8
3.23E8
3.24E8
3.25E8
3.26E8
3.27E8
3.28E8
3.29E8
3.3E8
3.31E8
3.32E8
3.33E8
3.34E8
3.35E8
3.36E8
3.37E8
3.38E8
3.39E8
3.4E8
3.41E8
3.42E8
3.43E8
3.44E8
3.45E8
3.46E8
3.47E8
3.48E8
3.49E8
3.5E8
3.51E8
3.52E8
3.53E8
3.54E8
3.55E8
3.56E8
3.57E8
3.58E8
3.59E8
3.6E8
3.61E8
3.62E8
3.63E8
3.64E8
3.65E8
3.66E8
3.67E8
3.68E8
3.69E8
3.7E8
3.71E8
3.72E8
3.73E8
3.74E8
3.75E8
3.76E8
3.77E8
3.78E8
3.79E8
3.8E8
3.81E8
3.82E8
3.83E8
3.84E8
3.85E8
3.86E8
3.87E8
3.88E8
3.89E8
3.9E8
3.91E8
3.92E8
3.93E8
3.94E8
3.95E8
3.96E8
3.97E8
3.98E8
3.99E8
4.0E8
4.01E8
4.02E8
4.03E8
4.04E8
4.05E8
4.06E8
4.07E8
4.08E8
4.09E8
4.1E8
4.11E8
4.12E8
4.13E8
4.14E8
4.15E8
4.16E8
4.17E8
4.18E8
4.19E8
4.2E8
4.21E8
4.22E8
4.23E8
4.24E8
4.25E8
4.26E8
4.27E8
4.28E8
4.29E8
4.3E8
4.31E8
4.32E8
4.33E8
4.34E8
4.35E8
4.36E8
4.37E8
4.38E8
4.39E8
4.4E8
4.41E8
4.42E8
4.43E8
4.44E8
4.45E8
4.46E8
4.47E8
4.48E8
4.49E8
4.5E8
4.51E8
4.52E8
4.53E8
4.54E8
4.55E8
4.56E8
4.57E8
4.58E8
4.59E8
4.6E8
4.61E8
4.62E8
4.63E8
4.64E8
4.65E8
4.66E8
4.67E8
4.68E8
4.69E8
4.7E8
4.71E8
4.72E8
4.73E8
4.74E8
4.75E8
4.76E8
4.77E8
4.78E8
4.79E8
4.8E8
4.81E8
4.82E8
4.83E8
4.84E8
4.85E8
4.86E8
4.87E8
4.88E8
4.89E8
4.9E8
4.91E8
4.92E8
4.93E8
4.94E8
4.95E8
4.96E8
4.97E8
4.98E8
4.99E8
5.0E8
