 1.000E+06   6.189E-03   7.268E+01
 2.000E+06   1.204E-02   7.795E+01
 3.000E+06   1.792E-02   7.834E+01
 4.000E+06   2.376E-02   7.747E+01
 5.000E+06   2.953E-02   7.611E+01
 6.000E+06   3.522E-02   7.450E+01
 7.000E+06   4.080E-02   7.277E+01
 8.000E+06   4.626E-02   7.097E+01
 9.000E+06   5.159E-02   6.913E+01
 1.000E+07   5.677E-02   6.728E+01
 1.100E+07   6.180E-02   6.543E+01
 1.200E+07   6.667E-02   6.359E+01
 1.300E+07   7.137E-02   6.176E+01
 1.400E+07   7.590E-02   5.996E+01
 1.500E+07   8.020E-02   5.817E+01
 1.600E+07   8.430E-02   5.642E+01
 1.700E+07   8.823E-02   5.470E+01
 1.800E+07   9.198E-02   5.301E+01
 1.900E+07   9.555E-02   5.137E+01
 2.000E+07   9.895E-02   4.976E+01
 2.100E+07   1.022E-01   4.818E+01
 2.200E+07   1.053E-01   4.664E+01
 2.300E+07   1.082E-01   4.514E+01
 2.400E+07   1.109E-01   4.367E+01
 2.500E+07   1.135E-01   4.223E+01
 2.600E+07   1.160E-01   4.083E+01
 2.700E+07   1.183E-01   3.947E+01
 2.800E+07   1.204E-01   3.814E+01
 2.900E+07   1.225E-01   3.684E+01
 3.000E+07   1.244E-01   3.557E+01
 3.100E+07   1.262E-01   3.433E+01
 3.200E+07   1.278E-01   3.313E+01
 3.300E+07   1.294E-01   3.195E+01
 3.400E+07   1.308E-01   3.080E+01
 3.500E+07   1.322E-01   2.968E+01
 3.600E+07   1.334E-01   2.858E+01
 3.700E+07   1.346E-01   2.752E+01
 3.800E+07   1.356E-01   2.648E+01
 3.900E+07   1.366E-01   2.546E+01
 4.000E+07   1.375E-01   2.447E+01
 4.100E+07   1.383E-01   2.350E+01
 4.200E+07   1.391E-01   2.255E+01
 4.300E+07   1.398E-01   2.163E+01
 4.400E+07   1.404E-01   2.073E+01
 4.500E+07   1.409E-01   1.985E+01
 4.600E+07   1.414E-01   1.899E+01
 4.700E+07   1.418E-01   1.815E+01
 4.800E+07   1.422E-01   1.733E+01
 4.900E+07   1.425E-01   1.652E+01
 5.000E+07   1.427E-01   1.574E+01
 5.100E+07   1.429E-01   1.498E+01
 5.200E+07   1.431E-01   1.423E+01
 5.300E+07   1.432E-01   1.350E+01
 5.400E+07   1.433E-01   1.278E+01
 5.500E+07   1.433E-01   1.208E+01
 5.600E+07   1.433E-01   1.140E+01
 5.700E+07   1.433E-01   1.073E+01
 5.800E+07   1.432E-01   1.008E+01
 5.900E+07   1.431E-01   9.446E+00
 6.000E+07   1.430E-01   8.823E+00
 6.100E+07   1.428E-01   8.215E+00
 6.200E+07   1.426E-01   7.620E+00
 6.300E+07   1.424E-01   7.039E+00
 6.400E+07   1.421E-01   6.471E+00
 6.500E+07   1.418E-01   5.916E+00
 6.600E+07   1.415E-01   5.374E+00
 6.700E+07   1.412E-01   4.844E+00
 6.800E+07   1.409E-01   4.327E+00
 6.900E+07   1.405E-01   3.822E+00
 7.000E+07   1.401E-01   3.329E+00
 7.100E+07   1.397E-01   2.848E+00
 7.200E+07   1.393E-01   2.378E+00
 7.300E+07   1.389E-01   1.919E+00
 7.400E+07   1.384E-01   1.472E+00
 7.500E+07   1.379E-01   1.036E+00
 7.600E+07   1.375E-01   6.107E-01
 7.700E+07   1.370E-01   1.962E-01
 7.800E+07   1.364E-01  -2.077E-01
 7.900E+07   1.359E-01  -6.011E-01
 8.000E+07   1.354E-01  -9.842E-01
 8.100E+07   1.348E-01  -1.357E+00
 8.200E+07   1.343E-01  -1.720E+00
 8.300E+07   1.337E-01  -2.072E+00
 8.400E+07   1.331E-01  -2.415E+00
 8.500E+07   1.326E-01  -2.747E+00
 8.600E+07   1.320E-01  -3.070E+00
 8.700E+07   1.314E-01  -3.384E+00
 8.800E+07   1.308E-01  -3.687E+00
 8.900E+07   1.302E-01  -3.982E+00
 9.000E+07   1.296E-01  -4.266E+00
 9.100E+07   1.289E-01  -4.542E+00
 9.200E+07   1.283E-01  -4.808E+00
 9.300E+07   1.277E-01  -5.064E+00
 9.400E+07   1.270E-01  -5.312E+00
 9.500E+07   1.264E-01  -5.550E+00
 9.600E+07   1.258E-01  -5.779E+00
 9.700E+07   1.251E-01  -6.000E+00
 9.800E+07   1.245E-01  -6.211E+00
 9.900E+07   1.238E-01  -6.413E+00
 1.000E+08   1.232E-01  -6.606E+00
 1.010E+08   1.225E-01  -6.790E+00
 1.020E+08   1.219E-01  -6.966E+00
 1.030E+08   1.212E-01  -7.132E+00
 1.040E+08   1.206E-01  -7.290E+00
 1.050E+08   1.199E-01  -7.439E+00
 1.060E+08   1.193E-01  -7.579E+00
 1.070E+08   1.186E-01  -7.710E+00
 1.080E+08   1.180E-01  -7.833E+00
 1.090E+08   1.173E-01  -7.947E+00
 1.100E+08   1.167E-01  -8.053E+00
 1.110E+08   1.161E-01  -8.149E+00
 1.120E+08   1.154E-01  -8.237E+00
 1.130E+08   1.148E-01  -8.317E+00
 1.140E+08   1.141E-01  -8.388E+00
 1.150E+08   1.135E-01  -8.450E+00
 1.160E+08   1.129E-01  -8.504E+00
 1.170E+08   1.123E-01  -8.549E+00
 1.180E+08   1.116E-01  -8.586E+00
 1.190E+08   1.110E-01  -8.615E+00
 1.200E+08   1.104E-01  -8.634E+00
 1.210E+08   1.098E-01  -8.646E+00
 1.220E+08   1.092E-01  -8.649E+00
 1.230E+08   1.086E-01  -8.644E+00
 1.240E+08   1.080E-01  -8.630E+00
 1.250E+08   1.075E-01  -8.608E+00
 1.260E+08   1.069E-01  -8.578E+00
 1.270E+08   1.063E-01  -8.539E+00
 1.280E+08   1.057E-01  -8.493E+00
 1.290E+08   1.052E-01  -8.438E+00
 1.300E+08   1.046E-01  -8.375E+00
 1.310E+08   1.041E-01  -8.304E+00
 1.320E+08   1.036E-01  -8.225E+00
 1.330E+08   1.030E-01  -8.138E+00
 1.340E+08   1.025E-01  -8.043E+00
 1.350E+08   1.020E-01  -7.940E+00
 1.360E+08   1.015E-01  -7.829E+00
 1.370E+08   1.010E-01  -7.711E+00
 1.380E+08   1.006E-01  -7.585E+00
 1.390E+08   1.001E-01  -7.451E+00
 1.400E+08   9.962E-02  -7.310E+00
 1.410E+08   9.917E-02  -7.162E+00
 1.420E+08   9.873E-02  -7.006E+00
 1.430E+08   9.830E-02  -6.843E+00
 1.440E+08   9.788E-02  -6.673E+00
 1.450E+08   9.746E-02  -6.496E+00
 1.460E+08   9.706E-02  -6.312E+00
 1.470E+08   9.668E-02  -6.122E+00
 1.480E+08   9.630E-02  -5.924E+00
 1.490E+08   9.593E-02  -5.721E+00
 1.500E+08   9.558E-02  -5.511E+00
 1.510E+08   9.523E-02  -5.295E+00
 1.520E+08   9.490E-02  -5.072E+00
 1.530E+08   9.458E-02  -4.844E+00
 1.540E+08   9.428E-02  -4.610E+00
 1.550E+08   9.398E-02  -4.371E+00
 1.560E+08   9.370E-02  -4.127E+00
 1.570E+08   9.343E-02  -3.877E+00
 1.580E+08   9.317E-02  -3.622E+00
 1.590E+08   9.293E-02  -3.363E+00
 1.600E+08   9.270E-02  -3.099E+00
 1.610E+08   9.248E-02  -2.830E+00
 1.620E+08   9.228E-02  -2.558E+00
 1.630E+08   9.209E-02  -2.282E+00
 1.640E+08   9.191E-02  -2.002E+00
 1.650E+08   9.175E-02  -1.718E+00
 1.660E+08   9.160E-02  -1.432E+00
 1.670E+08   9.147E-02  -1.142E+00
 1.680E+08   9.135E-02  -8.500E-01
 1.690E+08   9.124E-02  -5.554E-01
 1.700E+08   9.115E-02  -2.585E-01
 1.710E+08   9.107E-02   4.023E-02
 1.720E+08   9.101E-02   3.407E-01
 1.730E+08   9.096E-02   6.425E-01
 1.740E+08   9.092E-02   9.454E-01
 1.750E+08   9.090E-02   1.249E+00
 1.760E+08   9.090E-02   1.554E+00
 1.770E+08   9.090E-02   1.858E+00
 1.780E+08   9.093E-02   2.163E+00
 1.790E+08   9.096E-02   2.468E+00
 1.800E+08   9.102E-02   2.772E+00
 1.810E+08   9.108E-02   3.076E+00
 1.820E+08   9.116E-02   3.378E+00
 1.830E+08   9.126E-02   3.679E+00
 1.840E+08   9.137E-02   3.979E+00
 1.850E+08   9.149E-02   4.277E+00
 1.860E+08   9.163E-02   4.572E+00
 1.870E+08   9.178E-02   4.866E+00
 1.880E+08   9.195E-02   5.157E+00
 1.890E+08   9.213E-02   5.445E+00
 1.900E+08   9.232E-02   5.730E+00
 1.910E+08   9.253E-02   6.012E+00
 1.920E+08   9.275E-02   6.291E+00
 1.930E+08   9.299E-02   6.565E+00
 1.940E+08   9.323E-02   6.836E+00
 1.950E+08   9.350E-02   7.103E+00
 1.960E+08   9.377E-02   7.365E+00
 1.970E+08   9.406E-02   7.623E+00
 1.980E+08   9.436E-02   7.876E+00
 1.990E+08   9.468E-02   8.125E+00
 2.000E+08   9.501E-02   8.368E+00
 2.010E+08   9.535E-02   8.606E+00
 2.020E+08   9.570E-02   8.838E+00
 2.030E+08   9.607E-02   9.065E+00
 2.040E+08   9.645E-02   9.286E+00
 2.050E+08   9.684E-02   9.501E+00
 2.060E+08   9.724E-02   9.710E+00
 2.070E+08   9.765E-02   9.913E+00
 2.080E+08   9.808E-02   1.011E+01
 2.090E+08   9.851E-02   1.030E+01
 2.100E+08   9.896E-02   1.048E+01
 2.110E+08   9.942E-02   1.066E+01
 2.120E+08   9.989E-02   1.083E+01
 2.130E+08   1.004E-01   1.100E+01
 2.140E+08   1.009E-01   1.115E+01
 2.150E+08   1.014E-01   1.130E+01
 2.160E+08   1.019E-01   1.144E+01
 2.170E+08   1.024E-01   1.158E+01
 2.180E+08   1.029E-01   1.171E+01
 2.190E+08   1.035E-01   1.183E+01
 2.200E+08   1.040E-01   1.194E+01
 2.210E+08   1.046E-01   1.205E+01
 2.220E+08   1.051E-01   1.215E+01
 2.230E+08   1.057E-01   1.224E+01
 2.240E+08   1.063E-01   1.232E+01
 2.250E+08   1.069E-01   1.240E+01
 2.260E+08   1.075E-01   1.247E+01
 2.270E+08   1.081E-01   1.253E+01
 2.280E+08   1.087E-01   1.258E+01
 2.290E+08   1.094E-01   1.263E+01
 2.300E+08   1.100E-01   1.267E+01
 2.310E+08   1.106E-01   1.270E+01
 2.320E+08   1.113E-01   1.272E+01
 2.330E+08   1.119E-01   1.274E+01
 2.340E+08   1.126E-01   1.274E+01
 2.350E+08   1.132E-01   1.274E+01
 2.360E+08   1.139E-01   1.274E+01
 2.370E+08   1.146E-01   1.272E+01
 2.380E+08   1.153E-01   1.270E+01
 2.390E+08   1.160E-01   1.267E+01
 2.400E+08   1.167E-01   1.263E+01
 2.410E+08   1.174E-01   1.258E+01
 2.420E+08   1.181E-01   1.252E+01
 2.430E+08   1.188E-01   1.246E+01
 2.440E+08   1.195E-01   1.239E+01
 2.450E+08   1.202E-01   1.231E+01
 2.460E+08   1.209E-01   1.223E+01
 2.470E+08   1.216E-01   1.214E+01
 2.480E+08   1.224E-01   1.203E+01
 2.490E+08   1.231E-01   1.193E+01
 2.500E+08   1.238E-01   1.181E+01
 2.510E+08   1.245E-01   1.168E+01
 2.520E+08   1.253E-01   1.155E+01
 2.530E+08   1.260E-01   1.141E+01
 2.540E+08   1.268E-01   1.126E+01
 2.550E+08   1.275E-01   1.111E+01
 2.560E+08   1.282E-01   1.095E+01
 2.570E+08   1.290E-01   1.078E+01
 2.580E+08   1.297E-01   1.060E+01
 2.590E+08   1.305E-01   1.041E+01
 2.600E+08   1.312E-01   1.022E+01
 2.610E+08   1.319E-01   1.002E+01
 2.620E+08   1.327E-01   9.806E+00
 2.630E+08   1.334E-01   9.588E+00
 2.640E+08   1.342E-01   9.363E+00
 2.650E+08   1.349E-01   9.131E+00
 2.660E+08   1.356E-01   8.890E+00
 2.670E+08   1.364E-01   8.641E+00
 2.680E+08   1.371E-01   8.385E+00
 2.690E+08   1.378E-01   8.121E+00
 2.700E+08   1.386E-01   7.848E+00
 2.710E+08   1.393E-01   7.568E+00
 2.720E+08   1.400E-01   7.280E+00
 2.730E+08   1.407E-01   6.984E+00
 2.740E+08   1.414E-01   6.680E+00
 2.750E+08   1.421E-01   6.368E+00
 2.760E+08   1.428E-01   6.048E+00
 2.770E+08   1.435E-01   5.720E+00
 2.780E+08   1.442E-01   5.384E+00
 2.790E+08   1.449E-01   5.039E+00
 2.800E+08   1.455E-01   4.686E+00
 2.810E+08   1.462E-01   4.325E+00
 2.820E+08   1.468E-01   3.956E+00
 2.830E+08   1.475E-01   3.578E+00
 2.840E+08   1.481E-01   3.192E+00
 2.850E+08   1.488E-01   2.797E+00
 2.860E+08   1.494E-01   2.393E+00
 2.870E+08   1.500E-01   1.981E+00
 2.880E+08   1.506E-01   1.560E+00
 2.890E+08   1.512E-01   1.130E+00
 2.900E+08   1.517E-01   6.917E-01
 2.910E+08   1.523E-01   2.440E-01
 2.920E+08   1.528E-01  -2.128E-01
 2.930E+08   1.534E-01  -6.787E-01
 2.940E+08   1.539E-01  -1.154E+00
 2.950E+08   1.544E-01  -1.639E+00
 2.960E+08   1.549E-01  -2.133E+00
 2.970E+08   1.553E-01  -2.637E+00
 2.980E+08   1.558E-01  -3.150E+00
 2.990E+08   1.562E-01  -3.674E+00
 3.000E+08   1.566E-01  -4.208E+00
 3.010E+08   1.570E-01  -4.751E+00
 3.020E+08   1.574E-01  -5.305E+00
 3.030E+08   1.577E-01  -5.870E+00
 3.040E+08   1.580E-01  -6.445E+00
 3.050E+08   1.583E-01  -7.032E+00
 3.060E+08   1.586E-01  -7.629E+00
 3.070E+08   1.589E-01  -8.237E+00
 3.080E+08   1.591E-01  -8.857E+00
 3.090E+08   1.593E-01  -9.489E+00
 3.100E+08   1.594E-01  -1.013E+01
 3.110E+08   1.596E-01  -1.079E+01
 3.120E+08   1.597E-01  -1.146E+01
 3.130E+08   1.597E-01  -1.214E+01
 3.140E+08   1.598E-01  -1.283E+01
 3.150E+08   1.598E-01  -1.354E+01
 3.160E+08   1.597E-01  -1.426E+01
 3.170E+08   1.596E-01  -1.499E+01
 3.180E+08   1.595E-01  -1.574E+01
 3.190E+08   1.594E-01  -1.650E+01
 3.200E+08   1.592E-01  -1.728E+01
 3.210E+08   1.589E-01  -1.807E+01
 3.220E+08   1.586E-01  -1.887E+01
 3.230E+08   1.583E-01  -1.970E+01
 3.240E+08   1.579E-01  -2.054E+01
 3.250E+08   1.574E-01  -2.139E+01
 3.260E+08   1.569E-01  -2.227E+01
 3.270E+08   1.563E-01  -2.316E+01
 3.280E+08   1.557E-01  -2.406E+01
 3.290E+08   1.550E-01  -2.499E+01
 3.300E+08   1.543E-01  -2.594E+01
 3.310E+08   1.534E-01  -2.690E+01
 3.320E+08   1.525E-01  -2.789E+01
 3.330E+08   1.516E-01  -2.889E+01
 3.340E+08   1.505E-01  -2.992E+01
 3.350E+08   1.494E-01  -3.097E+01
 3.360E+08   1.482E-01  -3.204E+01
 3.370E+08   1.468E-01  -3.313E+01
 3.380E+08   1.454E-01  -3.425E+01
 3.390E+08   1.439E-01  -3.539E+01
 3.400E+08   1.424E-01  -3.656E+01
 3.410E+08   1.407E-01  -3.775E+01
 3.420E+08   1.388E-01  -3.896E+01
 3.430E+08   1.369E-01  -4.021E+01
 3.440E+08   1.349E-01  -4.147E+01
 3.450E+08   1.327E-01  -4.277E+01
 3.460E+08   1.305E-01  -4.409E+01
 3.470E+08   1.280E-01  -4.545E+01
 3.480E+08   1.255E-01  -4.683E+01
 3.490E+08   1.228E-01  -4.824E+01
 3.500E+08   1.200E-01  -4.967E+01
 3.510E+08   1.171E-01  -5.114E+01
 3.520E+08   1.139E-01  -5.263E+01
 3.530E+08   1.107E-01  -5.416E+01
 3.540E+08   1.073E-01  -5.571E+01
 3.550E+08   1.037E-01  -5.729E+01
 3.560E+08   1.000E-01  -5.889E+01
 3.570E+08   9.613E-02  -6.052E+01
 3.580E+08   9.210E-02  -6.218E+01
 3.590E+08   8.791E-02  -6.386E+01
 3.600E+08   8.358E-02  -6.555E+01
 3.610E+08   7.909E-02  -6.726E+01
 3.620E+08   7.446E-02  -6.899E+01
 3.630E+08   6.969E-02  -7.071E+01
 3.640E+08   6.479E-02  -7.244E+01
 3.650E+08   5.977E-02  -7.416E+01
 3.660E+08   5.462E-02  -7.586E+01
 3.670E+08   4.938E-02  -7.752E+01
 3.680E+08   4.404E-02  -7.912E+01
 3.690E+08   3.862E-02  -8.062E+01
 3.700E+08   3.313E-02  -8.196E+01
 3.710E+08   2.760E-02  -8.303E+01
 3.720E+08   2.205E-02  -8.363E+01
 3.730E+08   1.649E-02  -8.324E+01
 3.740E+08   1.098E-02  -8.042E+01
 3.750E+08   5.716E-03  -6.834E+01
 3.760E+08   2.785E-03   2.866E+00
 3.770E+08   6.694E-03   5.509E+01
 3.780E+08   1.192E-02   6.390E+01
 3.790E+08   1.724E-02   6.603E+01
 3.800E+08   2.252E-02   6.620E+01
 3.810E+08   2.773E-02   6.555E+01
 3.820E+08   3.283E-02   6.449E+01
 3.830E+08   3.782E-02   6.321E+01
 3.840E+08   4.269E-02   6.179E+01
 3.850E+08   4.742E-02   6.030E+01
 3.860E+08   5.200E-02   5.876E+01
 3.870E+08   5.643E-02   5.719E+01
 3.880E+08   6.071E-02   5.562E+01
 3.890E+08   6.483E-02   5.405E+01
 3.900E+08   6.879E-02   5.249E+01
 3.910E+08   7.258E-02   5.094E+01
 3.920E+08   7.622E-02   4.941E+01
 3.930E+08   7.969E-02   4.790E+01
 3.940E+08   8.300E-02   4.642E+01
 3.950E+08   8.615E-02   4.496E+01
 3.960E+08   8.915E-02   4.353E+01
 3.970E+08   9.199E-02   4.213E+01
 3.980E+08   9.468E-02   4.075E+01
 3.990E+08   9.723E-02   3.941E+01
 4.000E+08   9.964E-02   3.810E+01
 4.010E+08   1.019E-01   3.681E+01
 4.020E+08   1.040E-01   3.556E+01
 4.030E+08   1.061E-01   3.433E+01
 4.040E+08   1.079E-01   3.314E+01
 4.050E+08   1.097E-01   3.197E+01
 4.060E+08   1.114E-01   3.083E+01
 4.070E+08   1.129E-01   2.972E+01
 4.080E+08   1.143E-01   2.863E+01
 4.090E+08   1.157E-01   2.758E+01
 4.100E+08   1.169E-01   2.655E+01
 4.110E+08   1.181E-01   2.554E+01
 4.120E+08   1.191E-01   2.456E+01
 4.130E+08   1.201E-01   2.361E+01
 4.140E+08   1.210E-01   2.268E+01
 4.150E+08   1.218E-01   2.177E+01
 4.160E+08   1.225E-01   2.089E+01
 4.170E+08   1.232E-01   2.002E+01
 4.180E+08   1.238E-01   1.918E+01
 4.190E+08   1.244E-01   1.836E+01
 4.200E+08   1.249E-01   1.757E+01
 4.210E+08   1.253E-01   1.679E+01
 4.220E+08   1.257E-01   1.603E+01
 4.230E+08   1.260E-01   1.529E+01
 4.240E+08   1.262E-01   1.458E+01
 4.250E+08   1.265E-01   1.387E+01
 4.260E+08   1.266E-01   1.319E+01
 4.270E+08   1.268E-01   1.253E+01
 4.280E+08   1.269E-01   1.188E+01
 4.290E+08   1.269E-01   1.125E+01
 4.300E+08   1.269E-01   1.064E+01
 4.310E+08   1.269E-01   1.004E+01
 4.320E+08   1.269E-01   9.457E+00
 4.330E+08   1.268E-01   8.891E+00
 4.340E+08   1.267E-01   8.340E+00
 4.350E+08   1.265E-01   7.804E+00
 4.360E+08   1.264E-01   7.283E+00
 4.370E+08   1.262E-01   6.777E+00
 4.380E+08   1.260E-01   6.284E+00
 4.390E+08   1.257E-01   5.806E+00
 4.400E+08   1.255E-01   5.341E+00
 4.410E+08   1.252E-01   4.889E+00
 4.420E+08   1.249E-01   4.451E+00
 4.430E+08   1.246E-01   4.026E+00
 4.440E+08   1.242E-01   3.614E+00
 4.450E+08   1.239E-01   3.214E+00
 4.460E+08   1.235E-01   2.827E+00
 4.470E+08   1.231E-01   2.452E+00
 4.480E+08   1.227E-01   2.089E+00
 4.490E+08   1.223E-01   1.739E+00
 4.500E+08   1.219E-01   1.400E+00
 4.510E+08   1.215E-01   1.073E+00
 4.520E+08   1.210E-01   7.569E-01
 4.530E+08   1.206E-01   4.527E-01
 4.540E+08   1.201E-01   1.597E-01
 4.550E+08   1.196E-01  -1.221E-01
 4.560E+08   1.192E-01  -3.928E-01
 4.570E+08   1.187E-01  -6.526E-01
 4.580E+08   1.182E-01  -9.015E-01
 4.590E+08   1.177E-01  -1.140E+00
 4.600E+08   1.172E-01  -1.367E+00
 4.610E+08   1.167E-01  -1.584E+00
 4.620E+08   1.162E-01  -1.791E+00
 4.630E+08   1.157E-01  -1.987E+00
 4.640E+08   1.151E-01  -2.172E+00
 4.650E+08   1.146E-01  -2.348E+00
 4.660E+08   1.141E-01  -2.513E+00
 4.670E+08   1.136E-01  -2.669E+00
 4.680E+08   1.130E-01  -2.814E+00
 4.690E+08   1.125E-01  -2.949E+00
 4.700E+08   1.120E-01  -3.075E+00
 4.710E+08   1.115E-01  -3.190E+00
 4.720E+08   1.109E-01  -3.296E+00
 4.730E+08   1.104E-01  -3.392E+00
 4.740E+08   1.099E-01  -3.479E+00
 4.750E+08   1.094E-01  -3.556E+00
 4.760E+08   1.089E-01  -3.623E+00
 4.770E+08   1.083E-01  -3.681E+00
 4.780E+08   1.078E-01  -3.730E+00
 4.790E+08   1.073E-01  -3.769E+00
 4.800E+08   1.068E-01  -3.799E+00
 4.810E+08   1.063E-01  -3.820E+00
 4.820E+08   1.058E-01  -3.832E+00
 4.830E+08   1.053E-01  -3.835E+00
 4.840E+08   1.048E-01  -3.828E+00
 4.850E+08   1.043E-01  -3.813E+00
 4.860E+08   1.039E-01  -3.789E+00
 4.870E+08   1.034E-01  -3.756E+00
 4.880E+08   1.029E-01  -3.715E+00
 4.890E+08   1.025E-01  -3.664E+00
 4.900E+08   1.020E-01  -3.606E+00
 4.910E+08   1.016E-01  -3.538E+00
 4.920E+08   1.011E-01  -3.463E+00
 4.930E+08   1.007E-01  -3.379E+00
 4.940E+08   1.003E-01  -3.287E+00
 4.950E+08   9.984E-02  -3.187E+00
 4.960E+08   9.943E-02  -3.079E+00
 4.970E+08   9.903E-02  -2.963E+00
 4.980E+08   9.864E-02  -2.839E+00
 4.990E+08   9.825E-02  -2.707E+00
 5.000E+08   9.788E-02  -2.569E+00
